-0.92,0.01,-0.43
-0.92,0.01,-0.43
-0.92,0.01,-0.43
-0.92,0.01,-0.43
-0.92,0.01,-0.43
-0.92,0.01,-0.44
-0.93,0.01,-0.43
-0.92,0.01,-0.43
-0.92,0.00,-0.43
-0.93,-0.00,-0.43
-0.92,0.00,-0.43
-0.93,0.00,-0.43
-0.93,0.00,-0.43
-0.93,0.01,-0.43
-0.92,0.01,-0.43
-0.92,0.00,-0.43
-0.92,0.00,-0.43
-0.92,0.00,-0.43
-0.92,0.01,-0.43
-0.92,0.01,-0.43
-0.92,0.01,-0.43
-0.92,0.01,-0.43
-0.92,0.01,-0.43
-0.92,0.01,-0.43
-0.92,0.01,-0.43
-0.93,0.01,-0.43
-0.93,0.01,-0.43
-0.92,0.01,-0.43
-0.92,0.01,-0.43
-0.93,0.01,-0.43
-0.92,0.01,-0.43
-0.92,0.01,-0.43
-0.93,0.01,-0.43
-0.93,0.01,-0.43
-0.92,0.01,-0.43
-0.92,0.00,-0.43
-0.93,0.00,-0.43
-0.93,0.00,-0.43
-0.93,0.01,-0.43
-0.93,0.01,-0.43
-0.92,0.00,-0.43
-0.93,0.00,-0.43
-0.93,0.00,-0.43
-0.92,0.01,-0.43
-0.92,0.01,-0.43
-0.93,0.01,-0.43
-0.93,0.01,-0.43
-0.92,0.01,-0.43
-0.92,0.00,-0.43
-0.92,0.00,-0.43
-0.93,0.01,-0.43
-0.93,0.01,-0.43
-0.92,0.01,-0.43
-0.92,0.00,-0.43
-0.92,0.00,-0.43
-0.93,0.00,-0.43
-0.93,0.01,-0.43
-0.92,0.01,-0.43
-0.93,0.00,-0.43
-0.93,0.00,-0.43
-0.92,0.00,-0.43
-0.92,0.01,-0.43
-0.92,0.01,-0.43
-0.93,0.01,-0.43
-0.93,0.01,-0.43
-0.92,0.00,-0.43
-0.93,0.00,-0.43
-0.93,0.01,-0.43
-0.92,0.01,-0.43
-0.92,0.01,-0.43
-0.93,0.01,-0.43
-0.92,0.01,-0.43
-0.92,0.01,-0.43
-0.92,0.01,-0.43
-0.93,0.01,-0.43
-0.92,0.01,-0.43
-0.93,0.01,-0.43
-0.92,0.01,-0.43
-0.92,0.01,-0.43
-0.92,0.01,-0.43
-0.92,0.00,-0.43
-0.93,0.01,-0.43
-0.93,0.01,-0.43
-0.92,0.01,-0.43
-0.93,0.01,-0.43
-0.93,0.01,-0.43
-0.92,0.01,-0.43
-0.92,0.01,-0.43
-0.92,0.01,-0.43
-0.93,0.01,-0.43
-0.92,0.01,-0.43
-0.92,0.01,-0.43
-0.93,0.01,-0.43
-0.93,0.01,-0.43
-0.93,0.01,-0.43
-0.93,0.01,-0.43
-0.92,0.01,-0.43
-0.92,0.01,-0.43
-0.92,0.01,-0.43
-0.92,0.01,-0.43
-0.93,0.01,-0.43
-0.93,0.01,-0.43
-0.92,0.01,-0.43
-0.93,0.01,-0.42
-0.93,0.01,-0.43
-0.93,0.01,-0.43
-0.93,0.01,-0.43
-0.93,0.01,-0.43
-0.92,0.01,-0.43
-0.92,0.01,-0.43
-0.92,0.01,-0.43
-0.92,0.01,-0.43
-0.92,0.01,-0.43
-0.93,0.01,-0.43
-0.93,0.01,-0.43
-0.93,0.01,-0.43
-0.92,0.01,-0.43
-0.92,0.01,-0.43
-0.92,0.01,-0.43
-0.93,0.01,-0.43
-0.92,0.00,-0.43
-0.93,0.00,-0.43
-0.93,0.01,-0.43
-0.92,0.01,-0.43
-0.93,0.01,-0.43
-0.93,0.01,-0.43
-0.92,0.01,-0.43
-0.93,0.01,-0.43
-0.92,0.01,-0.43
-0.93,0.01,-0.43
-0.93,0.01,-0.43
-0.93,0.01,-0.43
-0.93,0.00,-0.43
-0.92,0.01,-0.43
-0.93,0.01,-0.43
-0.92,0.01,-0.43
-0.92,0.01,-0.43
-0.92,0.01,-0.43
-0.93,0.00,-0.43
-0.93,0.00,-0.43
-0.93,0.01,-0.43
-0.93,0.01,-0.43
-0.92,0.01,-0.43
-0.92,0.01,-0.43
-0.92,0.01,-0.43
-0.92,0.01,-0.43
-0.92,0.00,-0.43
-0.92,0.00,-0.43
-0.92,0.01,-0.43
-0.92,0.01,-0.43
-0.93,0.01,-0.43
-0.93,0.01,-0.43
-0.93,0.01,-0.43
-0.92,0.01,-0.43
-0.92,0.01,-0.43
-0.93,0.01,-0.43
-0.92,0.01,-0.43
-0.92,0.01,-0.43
-0.93,0.01,-0.43
-0.93,0.01,-0.43
-0.92,0.00,-0.43
-0.92,0.01,-0.43
-0.93,0.01,-0.43
-0.93,0.01,-0.43
-0.92,0.01,-0.43
-0.92,0.01,-0.42
-0.93,0.01,-0.43
-0.93,0.01,-0.43
-0.92,0.01,-0.43
-0.93,0.01,-0.43
-0.92,0.01,-0.43
-0.92,0.01,-0.43
-0.92,0.01,-0.43
-0.92,0.01,-0.43
-0.93,0.01,-0.43
-0.93,0.01,-0.43
-0.92,0.01,-0.43
-0.93,0.01,-0.43
-0.93,0.01,-0.43
-0.92,0.01,-0.43
-0.93,0.01,-0.43
-0.93,0.01,-0.43
-0.93,0.00,-0.43
-0.93,0.00,-0.43
-0.92,0.01,-0.43
-0.93,0.01,-0.43
-0.93,0.01,-0.43
-0.93,0.00,-0.43
-0.93,0.00,-0.43
-0.92,0.01,-0.43
-0.93,0.01,-0.43
-0.92,0.01,-0.43
-0.93,0.01,-0.43
-0.93,0.01,-0.43
-0.92,0.01,-0.42
-0.93,0.00,-0.42
-0.93,0.00,-0.42
-0.93,0.01,-0.43
-0.93,0.01,-0.43
-0.92,0.00,-0.43
-0.93,0.00,-0.43
-0.93,0.00,-0.43
-0.93,0.00,-0.43
-0.93,0.00,-0.43
-0.93,0.01,-0.43
-0.92,0.01,-0.43
-0.92,0.00,-0.43
-0.93,0.00,-0.43
-0.93,0.00,-0.43
-0.93,0.01,-0.43
-0.93,0.01,-0.43
-0.93,0.01,-0.43
-0.93,0.01,-0.42
-0.93,0.00,-0.42
-0.93,0.00,-0.42
-0.93,0.00,-0.43
-0.92,0.01,-0.43
-0.92,0.01,-0.43
-0.92,0.01,-0.43
-0.92,0.01,-0.43
-0.93,0.01,-0.43
-0.93,0.01,-0.43
-0.93,0.01,-0.43
-0.93,0.01,-0.42
-0.93,0.00,-0.42
-0.93,0.00,-0.43
-0.93,0.01,-0.43
-0.93,0.01,-0.43
-0.92,0.01,-0.43
-0.92,0.00,-0.42
-0.93,0.00,-0.42
-0.93,0.00,-0.43
-0.93,0.01,-0.43
-0.92,0.01,-0.43
-0.92,0.01,-0.43
-0.93,0.01,-0.43
-0.93,0.01,-0.43
-0.93,0.00,-0.43
-0.93,0.00,-0.43
-0.93,0.01,-0.43
-0.93,0.01,-0.43
-0.93,0.01,-0.43
-0.93,0.01,-0.42
-0.93,0.00,-0.42
-0.93,0.00,-0.42
-0.93,0.00,-0.42
-0.93,0.00,-0.42
-0.93,0.01,-0.42
-0.93,0.01,-0.43
-0.93,0.01,-0.43
-0.93,0.01,-0.43
-0.93,0.01,-0.42
-0.93,0.00,-0.42
-0.93,0.00,-0.42
-0.93,0.00,-0.42
-0.93,0.00,-0.43
-0.93,0.01,-0.43
-0.93,0.01,-0.43
-0.93,0.01,-0.43
-0.92,0.01,-0.43
-0.93,0.01,-0.43
-0.93,0.01,-0.43
-0.93,0.01,-0.42
-0.93,0.00,-0.42
-0.93,0.00,-0.42
-0.93,0.00,-0.42
-0.93,0.00,-0.42
-0.93,0.01,-0.43
-0.93,0.01,-0.43
-0.93,0.01,-0.43
-0.93,0.01,-0.43
-0.92,0.00,-0.43
-0.92,0.00,-0.43
-0.93,-0.00,-0.42
-0.93,0.00,-0.42
-0.92,0.01,-0.43
-0.93,0.01,-0.43
-0.93,0.01,-0.43
-0.93,0.01,-0.43
-0.92,0.01,-0.42
-0.93,0.01,-0.42
-0.93,0.00,-0.42
-0.93,0.00,-0.42
-0.93,0.00,-0.42
-0.93,0.00,-0.43
-0.93,0.01,-0.42
-0.93,0.01,-0.43
-0.92,0.01,-0.43
-0.93,0.01,-0.43
-0.93,0.01,-0.43
-0.93,0.01,-0.42
-0.93,0.01,-0.42
-0.93,0.01,-0.42
-0.93,0.01,-0.43
-0.93,0.00,-0.42
-0.93,0.00,-0.43
-0.93,0.01,-0.43
-0.93,0.01,-0.43
-0.93,0.01,-0.42
-0.93,0.00,-0.42
-0.93,-0.00,-0.42
-0.93,-0.00,-0.42
-0.93,0.00,-0.42
-0.93,0.01,-0.42
-0.93,0.01,-0.43
-0.93,0.01,-0.43
-0.93,0.01,-0.43
-0.93,0.01,-0.42
-0.93,0.01,-0.43
-0.93,0.01,-0.43
-0.93,0.01,-0.43
-0.93,0.01,-0.42
-0.93,0.00,-0.42
-0.93,0.00,-0.42
-0.93,0.00,-0.42
-0.93,0.00,-0.43
-0.93,0.00,-0.43
-0.93,0.00,-0.43
-0.92,0.00,-0.43
-0.93,0.00,-0.43
-0.93,0.01,-0.43
-0.93,0.01,-0.43
-0.93,0.00,-0.43
-0.93,0.00,-0.43
-0.93,0.00,-0.43
-0.93,0.00,-0.43
-0.93,0.00,-0.43
-0.93,0.01,-0.43
-0.93,0.00,-0.43
-0.93,0.00,-0.42
-0.93,-0.00,-0.43
-0.93,-0.00,-0.42
-0.93,-0.00,-0.43
-0.92,0.00,-0.43
-0.92,0.01,-0.43
-0.92,0.01,-0.43
-0.92,0.01,-0.43
-0.92,0.01,-0.43
-0.93,0.00,-0.43
-0.92,0.00,-0.43
-0.93,0.00,-0.42
-0.93,0.00,-0.43
-0.93,0.01,-0.43
-0.93,0.01,-0.43
-0.93,0.01,-0.43
-0.93,0.01,-0.43
-0.93,0.01,-0.43
-0.93,0.01,-0.43
-0.93,0.01,-0.43
-0.92,0.01,-0.43
-0.92,0.01,-0.43
-0.93,0.01,-0.43
-0.93,0.01,-0.43
-0.92,0.01,-0.43
-0.92,0.00,-0.43
-0.93,0.00,-0.43
-0.93,0.00,-0.43
-0.92,0.01,-0.43
-0.93,0.01,-0.43
-0.93,0.01,-0.43
-0.92,0.00,-0.43
-0.93,0.00,-0.42
-0.93,0.00,-0.43
-0.93,0.01,-0.43
-0.92,0.01,-0.43
-0.93,0.01,-0.43
-0.93,0.01,-0.43
-0.93,0.01,-0.43
-0.92,0.01,-0.43
-0.93,0.01,-0.43
-0.93,0.01,-0.43
-0.93,0.01,-0.43
-0.93,0.01,-0.42
-0.93,0.01,-0.42
-0.92,0.01,-0.42
-0.93,0.01,-0.43
-0.93,0.01,-0.43
-0.92,0.01,-0.43
-0.93,0.01,-0.43
-0.93,0.01,-0.43
-0.93,0.01,-0.43
-0.93,0.01,-0.43
-0.93,0.00,-0.42
-0.93,0.00,-0.42
-0.93,0.01,-0.43
-0.92,0.01,-0.42
-0.93,0.01,-0.42
-0.93,0.01,-0.43
-0.93,0.01,-0.43
-0.93,0.01,-0.43
-0.93,0.01,-0.43
-0.92,0.01,-0.43
-0.93,0.00,-0.43
-0.93,0.00,-0.43
-0.93,0.01,-0.43
-0.93,0.01,-0.42
-0.93,0.01,-0.43
-0.93,0.01,-0.43
-0.93,0.01,-0.43
-0.92,0.01,-0.42
-0.93,0.01,-0.42
-0.93,0.01,-0.42
-0.93,0.01,-0.43
-0.93,0.01,-0.43
-0.92,0.01,-0.42
-0.93,0.01,-0.43
-0.93,0.01,-0.43
-0.93,0.01,-0.43
-0.92,0.01,-0.42
-0.93,0.01,-0.42
-0.93,0.01,-0.42
-0.93,0.01,-0.42
-0.93,0.01,-0.43
-0.93,0.01,-0.43
-0.93,0.01,-0.43
-0.92,0.01,-0.43
-0.92,0.01,-0.42
-0.93,0.01,-0.42
-0.93,0.01,-0.43
-0.93,0.01,-0.43
-0.93,0.01,-0.43
-0.93,0.01,-0.43
-0.93,0.01,-0.43
-0.93,0.01,-0.43
-0.93,0.01,-0.43
-0.93,0.01,-0.43
-0.93,0.01,-0.42
-0.93,0.01,-0.42
-0.92,0.01,-0.42
-0.93,0.01,-0.42
-0.93,0.01,-0.42
-0.93,0.01,-0.42
-0.93,0.01,-0.43
-0.93,0.01,-0.43
-0.93,0.01,-0.43
-0.93,0.01,-0.43
-0.93,0.01,-0.43
-0.93,0.01,-0.43
-0.93,0.01,-0.43
-0.93,0.01,-0.43
-0.93,0.01,-0.42
-0.93,0.01,-0.42
-0.93,0.01,-0.42
-0.93,0.01,-0.42
-0.93,0.01,-0.43
-0.93,0.01,-0.42
-0.92,0.01,-0.43
-0.93,0.01,-0.43
-0.93,0.01,-0.43
-0.93,0.01,-0.43
-0.93,0.01,-0.43
-0.92,0.01,-0.43
-0.92,0.01,-0.43
-0.93,0.01,-0.43
-0.93,0.01,-0.43
-0.92,0.01,-0.43
-0.93,0.01,-0.43
-0.93,0.01,-0.43
-0.93,0.01,-0.42
-0.93,0.01,-0.42
-0.93,0.01,-0.42
-0.93,0.00,-0.43
-0.93,0.01,-0.42
-0.92,0.01,-0.43
-0.93,0.01,-0.43
-0.93,0.01,-0.43
-0.93,0.01,-0.43
-0.92,0.01,-0.43
-0.92,0.01,-0.43
-0.93,0.01,-0.43
-0.93,0.01,-0.43
-0.93,0.01,-0.43
-0.92,0.01,-0.42
-0.93,0.00,-0.42
-0.93,0.00,-0.43
-0.93,0.01,-0.43
-0.93,0.01,-0.43
-0.93,0.01,-0.43
-0.93,0.01,-0.43
-0.93,0.01,-0.43
-0.93,0.00,-0.43
-0.92,0.00,-0.42
-0.93,0.00,-0.42
-0.93,0.00,-0.42
-0.93,0.00,-0.43
-0.92,0.01,-0.43
-0.92,0.01,-0.43
-0.92,0.01,-0.43
-0.93,0.01,-0.42
-0.93,0.01,-0.42
-0.93,0.01,-0.42
-0.93,0.01,-0.42
-0.93,0.01,-0.42
-0.93,0.00,-0.42
-0.93,0.01,-0.42
-0.92,0.01,-0.42
-0.93,0.01,-0.42
-0.93,0.02,-0.42
-0.93,0.02,-0.43
-0.93,0.02,-0.42
-0.93,0.01,-0.43
-0.92,0.01,-0.42
-0.92,0.01,-0.42
-0.93,0.01,-0.42
-0.93,0.01,-0.42
-0.93,0.01,-0.43
-0.93,0.01,-0.43
-0.93,0.01,-0.42
-0.93,0.00,-0.42
-0.93,-0.00,-0.42
-0.93,-0.00,-0.42
-0.93,0.00,-0.43
-0.92,0.00,-0.43
-0.93,0.00,-0.43
-0.93,0.00,-0.43
-0.93,0.01,-0.43
-0.92,0.00,-0.43
-0.93,-0.00,-0.43
-0.93,-0.00,-0.43
-0.93,0.00,-0.43
-0.93,0.00,-0.42
-0.93,0.00,-0.42
-0.93,-0.00,-0.43
-0.93,-0.01,-0.43
-0.93,-0.00,-0.44
-0.93,0.00,-0.43
-0.93,0.01,-0.43
-0.93,0.01,-0.43
-0.93,0.00,-0.43
-0.93,0.01,-0.43
-0.93,0.00,-0.43
-0.93,0.00,-0.42
-0.93,-0.00,-0.42
-0.93,-0.00,-0.42
-0.93,-0.00,-0.42
-0.93,0.00,-0.42
-0.93,0.00,-0.43
-0.93,0.00,-0.42
-0.93,0.00,-0.42
-0.93,-0.00,-0.42
-0.93,-0.00,-0.42
-0.93,-0.00,-0.43
-0.93,-0.00,-0.42
-0.93,-0.00,-0.43
-0.93,-0.00,-0.43
-0.93,-0.00,-0.43
-0.93,-0.00,-0.43
-0.93,0.00,-0.42
-0.93,0.00,-0.43
-0.93,0.00,-0.42
-0.93,-0.00,-0.42
-0.93,-0.00,-0.42
-0.93,-0.00,-0.42
-0.93,-0.00,-0.42
-0.93,-0.00,-0.42
-0.93,0.00,-0.43
-0.93,0.00,-0.43
-0.93,0.00,-0.43
-0.93,0.00,-0.42
-0.93,-0.00,-0.42
-0.93,0.00,-0.42
-0.93,0.01,-0.42
-0.92,0.00,-0.43
-0.93,0.00,-0.43
-0.93,0.00,-0.42
-0.93,-0.00,-0.42
-0.92,-0.00,-0.43
-0.93,0.00,-0.43
-0.93,0.01,-0.43
-0.93,0.00,-0.43
-0.93,0.00,-0.42
-0.93,-0.00,-0.42
-0.93,-0.00,-0.42
-0.93,-0.00,-0.42
-0.93,-0.00,-0.42
-0.93,-0.00,-0.43
-0.93,-0.00,-0.42
-0.93,-0.01,-0.43
-0.93,-0.01,-0.42
-0.93,-0.00,-0.43
