-0.93,-0.01,-0.41
-0.93,-0.01,-0.43
-0.94,-0.01,-0.42
-0.94,-0.01,-0.42
-0.93,-0.01,-0.41
-0.93,-0.00,-0.41
-0.93,0.00,-0.41
-0.93,0.00,-0.40
-0.94,-0.01,-0.39
-0.94,-0.02,-0.39
-0.94,-0.02,-0.38
-0.93,-0.01,-0.39
-0.93,-0.00,-0.40
-0.93,0.01,-0.41
-0.93,0.01,-0.42
-0.93,0.01,-0.43
-0.93,0.00,-0.42
-0.93,0.00,-0.41
-0.93,-0.00,-0.40
-0.93,-0.01,-0.42
-0.93,-0.00,-0.41
-0.92,0.01,-0.42
-0.92,0.01,-0.42
-0.93,-0.00,-0.42
-0.93,-0.01,-0.42
-0.93,-0.00,-0.41
-0.94,0.01,-0.40
-0.94,0.02,-0.41
-0.93,0.01,-0.41
-0.93,0.01,-0.42
-0.93,0.01,-0.41
-0.93,0.01,-0.42
-0.93,0.01,-0.42
-0.92,0.01,-0.42
-0.92,0.01,-0.43
-0.92,0.01,-0.43
-0.93,0.01,-0.43
-0.93,0.03,-0.43
-0.93,0.04,-0.43
-0.93,0.03,-0.42
-0.93,0.02,-0.42
-0.93,0.01,-0.42
-0.93,-0.00,-0.41
-0.93,-0.00,-0.41
-0.93,-0.00,-0.42
-0.93,0.01,-0.42
-0.92,0.02,-0.42
-0.92,0.02,-0.43
-0.92,0.03,-0.43
-0.92,0.03,-0.44
-0.92,0.03,-0.44
-0.92,0.03,-0.44
-0.92,0.04,-0.44
-0.92,0.04,-0.43
-0.92,0.04,-0.43
-0.92,0.04,-0.42
-0.92,0.03,-0.41
-0.93,0.03,-0.42
-0.93,0.03,-0.42
-0.92,0.03,-0.42
-0.92,0.04,-0.43
-0.92,0.04,-0.43
-0.92,0.04,-0.44
-0.92,0.04,-0.44
-0.92,0.04,-0.44
-0.92,0.03,-0.44
-0.92,0.03,-0.43
-0.92,0.03,-0.44
-0.92,0.02,-0.44
-0.92,0.03,-0.44
-0.92,0.03,-0.43
-0.92,0.02,-0.43
-0.92,0.02,-0.43
-0.93,0.01,-0.43
-0.93,0.01,-0.44
-0.92,0.00,-0.44
-0.93,0.00,-0.44
-0.92,0.00,-0.45
-0.92,0.01,-0.45
-0.92,0.03,-0.44
-0.91,0.03,-0.44
-0.91,0.02,-0.44
-0.93,-0.00,-0.43
-0.93,-0.01,-0.44
-0.92,-0.00,-0.44
-0.92,0.00,-0.45
-0.92,0.02,-0.45
-0.91,0.02,-0.45
-0.91,0.01,-0.45
-0.91,0.01,-0.45
-0.92,0.00,-0.45
-0.92,0.00,-0.45
-0.92,0.01,-0.45
-0.92,0.02,-0.45
-0.92,0.02,-0.45
-0.91,0.02,-0.45
-0.91,0.02,-0.45
-0.92,0.01,-0.45
-0.92,0.01,-0.45
-0.92,0.01,-0.45
-0.92,0.02,-0.45
-0.91,0.03,-0.44
-0.91,0.03,-0.44
-0.92,0.03,-0.44
-0.92,0.02,-0.44
-0.92,0.02,-0.44
-0.92,0.02,-0.44
-0.92,0.02,-0.44
-0.92,0.02,-0.44
-0.92,0.02,-0.44
-0.91,0.02,-0.45
-0.91,0.02,-0.45
-0.91,0.02,-0.45
-0.92,0.03,-0.45
-0.92,0.03,-0.44
-0.92,0.03,-0.43
-0.92,0.03,-0.43
-0.92,0.02,-0.43
-0.92,0.02,-0.43
-0.92,0.01,-0.43
-0.93,0.01,-0.43
-0.92,0.01,-0.43
-0.92,0.01,-0.43
-0.92,0.01,-0.43
-0.92,0.02,-0.44
-0.92,0.02,-0.44
-0.92,0.02,-0.44
-0.92,0.03,-0.44
-0.92,0.03,-0.45
-0.92,0.03,-0.43
-0.92,0.02,-0.44
-0.92,0.03,-0.44
-0.91,0.04,-0.43
-0.91,0.03,-0.44
-0.92,0.02,-0.43
-0.92,0.02,-0.43
-0.92,0.02,-0.43
-0.92,0.02,-0.44
-0.92,0.02,-0.44
-0.92,0.01,-0.44
-0.92,0.00,-0.45
-0.92,-0.00,-0.45
-0.92,-0.01,-0.45
-0.92,-0.00,-0.46
-0.92,0.01,-0.45
-0.92,0.01,-0.45
-0.92,0.01,-0.45
-0.93,0.02,-0.44
-0.92,0.02,-0.44
-0.92,0.02,-0.43
-0.92,0.02,-0.42
-0.92,0.02,-0.43
-0.92,0.03,-0.43
-0.92,0.03,-0.43
-0.92,0.04,-0.44
-0.92,0.04,-0.44
-0.92,0.05,-0.44
-0.92,0.05,-0.45
-0.92,0.05,-0.44
-0.92,0.04,-0.44
-0.92,0.03,-0.44
-0.92,0.03,-0.44
-0.92,0.02,-0.44
-0.92,0.02,-0.44
-0.91,0.02,-0.44
-0.91,0.02,-0.44
-0.92,0.02,-0.44
-0.92,0.02,-0.44
-0.92,0.03,-0.44
-0.92,0.03,-0.44
-0.92,0.03,-0.44
-0.92,0.03,-0.44
-0.92,0.02,-0.44
-0.92,0.02,-0.43
-0.92,0.02,-0.43
-0.92,0.02,-0.44
-0.92,0.02,-0.44
-0.92,0.02,-0.44
-0.92,0.03,-0.44
-0.92,0.03,-0.44
-0.92,0.03,-0.44
-0.92,0.02,-0.44
-0.93,0.01,-0.44
-0.93,0.01,-0.43
-0.93,0.01,-0.43
-0.93,0.01,-0.43
-0.93,0.00,-0.43
-0.92,-0.01,-0.44
-0.92,-0.02,-0.42
-0.92,-0.02,-0.42
-0.92,-0.02,-0.44
-0.92,-0.02,-0.43
-0.92,0.00,-0.45
-0.92,0.02,-0.45
-0.92,0.02,-0.45
-0.92,0.02,-0.45
-0.92,0.01,-0.44
-0.92,-0.00,-0.44
-0.92,-0.01,-0.43
-0.92,-0.00,-0.43
-0.92,0.00,-0.43
-0.92,0.01,-0.43
-0.92,0.01,-0.43
-0.92,0.02,-0.43
-0.92,0.02,-0.43
-0.92,0.02,-0.44
-0.92,0.02,-0.44
-0.92,0.02,-0.44
-0.92,0.02,-0.43
-0.92,0.03,-0.44
-0.92,0.02,-0.44
-0.92,0.02,-0.44
-0.92,0.03,-0.44
-0.92,0.02,-0.45
-0.92,0.03,-0.44
-0.91,0.02,-0.45
-0.92,0.01,-0.45
-0.92,0.02,-0.44
-0.92,0.03,-0.43
-0.92,0.02,-0.44
-0.92,0.01,-0.44
-0.92,0.00,-0.43
-0.92,-0.00,-0.44
-0.93,-0.00,-0.43
-0.92,-0.01,-0.42
-0.93,-0.01,-0.42
-0.93,-0.01,-0.42
-0.93,-0.00,-0.41
-0.93,0.01,-0.41
-0.93,0.01,-0.43
-0.91,0.01,-0.44
-0.91,0.02,-0.44
-0.92,0.02,-0.45
-0.91,0.02,-0.45
-0.91,0.02,-0.44
-0.91,0.03,-0.43
-0.92,0.03,-0.44
-0.92,0.05,-0.44
-0.92,0.05,-0.44
-0.92,0.05,-0.44
-0.91,0.04,-0.45
-0.92,0.04,-0.45
-0.92,0.03,-0.45
-0.92,0.02,-0.46
-0.92,0.02,-0.45
-0.91,0.03,-0.45
-0.92,0.02,-0.45
-0.93,0.02,-0.45
-0.92,0.01,-0.44
-0.92,0.00,-0.44
-0.93,-0.00,-0.44
-0.92,-0.00,-0.45
-0.92,0.00,-0.45
-0.92,0.01,-0.44
-0.92,0.02,-0.44
-0.92,0.03,-0.44
-0.92,0.03,-0.44
-0.92,0.03,-0.44
-0.92,0.02,-0.44
-0.92,0.03,-0.43
-0.92,0.03,-0.43
-0.92,0.03,-0.43
-0.92,0.03,-0.43
-0.92,0.04,-0.42
-0.92,0.04,-0.42
-0.92,0.04,-0.42
-0.92,0.03,-0.43
-0.93,0.02,-0.43
-0.92,0.02,-0.43
-0.92,0.02,-0.43
-0.93,0.02,-0.43
-0.93,0.01,-0.43
-0.93,0.01,-0.43
-0.93,-0.00,-0.42
-0.93,-0.00,-0.42
-0.93,-0.00,-0.42
-0.92,-0.00,-0.42
-0.92,-0.00,-0.42
-0.93,-0.00,-0.42
-0.93,0.00,-0.42
-0.92,0.00,-0.43
-0.93,0.00,-0.43
-0.92,0.00,-0.43
-0.92,-0.00,-0.43
-0.92,-0.00,-0.43
-0.92,0.00,-0.43
-0.92,0.01,-0.44
-0.92,0.01,-0.43
-0.92,0.01,-0.43
-0.93,0.01,-0.43
-0.93,0.01,-0.43
-0.92,0.00,-0.43
-0.92,0.00,-0.43
-0.92,0.00,-0.43
-0.93,0.00,-0.43
-0.92,0.00,-0.43
-0.92,0.00,-0.43
-0.93,0.01,-0.43
-0.93,0.01,-0.43
-0.92,0.01,-0.43
-0.92,0.01,-0.43
-0.92,0.01,-0.43
-0.93,0.01,-0.42
-0.93,0.01,-0.42
-0.93,0.01,-0.42
-0.93,0.02,-0.42
-0.93,0.02,-0.43
-0.92,0.01,-0.43
-0.93,0.01,-0.43
-0.93,0.01,-0.43
-0.92,0.01,-0.42
-0.92,0.01,-0.42
-0.93,0.00,-0.42
-0.93,0.00,-0.42
-0.93,0.00,-0.42
-0.93,0.00,-0.42
-0.93,0.00,-0.42
-0.93,0.01,-0.42
-0.92,0.01,-0.43
-0.92,0.01,-0.43
-0.92,0.01,-0.42
-0.93,0.00,-0.43
-0.93,-0.00,-0.43
-0.93,-0.00,-0.43
-0.93,-0.00,-0.43
-0.93,-0.01,-0.43
-0.93,-0.01,-0.43
-0.93,-0.01,-0.43
-0.93,-0.01,-0.43
-0.93,-0.01,-0.43
-0.92,-0.01,-0.43
-0.93,-0.01,-0.44
-0.93,0.01,-0.43
-0.92,0.01,-0.43
-0.92,0.02,-0.43
-0.93,0.01,-0.43
-0.93,0.01,-0.43
-0.93,0.01,-0.43
-0.92,0.01,-0.43
-0.92,0.01,-0.42
-0.93,0.01,-0.43
-0.93,0.01,-0.43
-0.92,0.01,-0.43
-0.92,0.01,-0.44
-0.92,0.01,-0.44
-0.93,0.01,-0.43
-0.93,0.01,-0.43
-0.92,0.01,-0.43
