-0.96,0.05,-0.34
-0.96,0.02,-0.34
-0.96,-0.00,-0.34
-0.96,-0.01,-0.36
-0.95,0.00,-0.36
-0.95,0.02,-0.36
-0.95,0.03,-0.36
-0.96,0.02,-0.37
-0.95,0.02,-0.38
-0.95,0.02,-0.37
-0.96,0.01,-0.37
-0.95,0.01,-0.36
-0.95,-0.01,-0.35
-0.95,-0.02,-0.34
-0.95,-0.04,-0.34
-0.95,-0.04,-0.34
-0.95,-0.04,-0.34
-0.95,-0.05,-0.34
-0.95,-0.04,-0.35
-0.95,-0.03,-0.37
-0.94,-0.01,-0.40
-0.94,0.01,-0.42
-0.93,0.04,-0.44
-0.92,0.06,-0.45
-0.92,0.07,-0.45
-0.92,0.07,-0.44
-0.93,0.08,-0.43
-0.93,0.07,-0.43
-0.94,0.06,-0.42
-0.94,0.06,-0.40
-0.94,0.06,-0.40
-0.94,0.06,-0.40
-0.94,0.05,-0.40
-0.94,0.04,-0.41
-0.94,0.04,-0.40
-0.93,0.05,-0.40
-0.92,0.06,-0.42
-0.92,0.05,-0.44
-0.93,0.04,-0.43
-0.93,0.02,-0.43
-0.94,0.02,-0.42
-0.94,0.02,-0.42
-0.93,0.01,-0.41
-0.93,-0.00,-0.41
-0.93,-0.01,-0.42
-0.93,-0.02,-0.43
-0.92,-0.02,-0.44
-0.93,-0.01,-0.43
-0.93,0.01,-0.43
-0.92,0.01,-0.43
-0.92,0.01,-0.44
-0.93,0.01,-0.43
-0.93,0.02,-0.43
-0.93,0.02,-0.43
-0.93,0.03,-0.43
-0.93,0.03,-0.42
-0.92,0.02,-0.43
-0.93,0.02,-0.43
-0.92,0.03,-0.44
-0.92,0.03,-0.44
-0.92,0.03,-0.44
-0.92,0.02,-0.44
-0.92,0.01,-0.44
-0.93,0.01,-0.43
-0.93,0.02,-0.43
-0.92,0.01,-0.43
-0.92,0.02,-0.44
-0.92,0.02,-0.45
-0.93,0.02,-0.44
-0.93,0.03,-0.44
-0.92,0.03,-0.43
-0.93,0.03,-0.42
-0.92,0.02,-0.43
-0.92,0.02,-0.43
-0.92,0.01,-0.43
-0.92,-0.00,-0.44
-0.92,0.02,-0.44
-0.92,0.03,-0.44
-0.92,0.02,-0.44
-0.92,0.01,-0.44
-0.92,0.01,-0.44
-0.92,0.01,-0.44
-0.93,0.01,-0.43
-0.93,0.01,-0.43
-0.92,0.01,-0.43
-0.92,0.01,-0.44
-0.92,0.01,-0.44
-0.92,0.01,-0.44
-0.93,0.02,-0.44
-0.92,0.03,-0.44
-0.92,0.02,-0.43
-0.92,0.01,-0.44
-0.93,0.02,-0.44
-0.92,0.02,-0.44
-0.92,0.02,-0.44
-0.92,0.01,-0.44
-0.92,0.01,-0.44
-0.92,0.00,-0.44
-0.92,0.00,-0.44
-0.93,0.01,-0.44
-0.92,0.02,-0.44
-0.92,0.02,-0.44
-0.92,0.02,-0.43
-0.92,0.02,-0.43
-0.92,0.02,-0.44
-0.92,0.02,-0.43
-0.92,0.02,-0.43
-0.92,0.02,-0.43
-0.92,0.02,-0.44
-0.92,0.02,-0.44
-0.92,0.02,-0.44
-0.92,0.03,-0.44
-0.92,0.04,-0.44
-0.92,0.03,-0.43
-0.93,0.02,-0.42
-0.93,0.00,-0.42
-0.93,-0.00,-0.41
-0.93,-0.00,-0.41
-0.93,-0.01,-0.41
-0.93,-0.01,-0.41
-0.93,-0.00,-0.42
-0.92,0.00,-0.43
-0.93,0.01,-0.43
-0.92,0.01,-0.43
-0.92,0.01,-0.44
-0.93,0.01,-0.43
-0.93,0.01,-0.43
-0.93,0.02,-0.43
-0.92,0.01,-0.43
-0.93,0.01,-0.42
-0.93,0.01,-0.42
-0.93,0.01,-0.42
-0.92,0.01,-0.43
-0.92,0.01,-0.44
-0.92,0.01,-0.43
-0.93,0.02,-0.43
-0.92,0.03,-0.43
-0.92,0.02,-0.43
-0.92,0.01,-0.43
-0.92,0.01,-0.43
-0.93,0.01,-0.42
-0.93,0.01,-0.42
-0.93,0.01,-0.43
-0.92,0.02,-0.43
-0.92,0.02,-0.43
-0.92,0.02,-0.43
-0.92,0.02,-0.44
-0.92,0.02,-0.43
-0.93,0.03,-0.43
-0.92,0.03,-0.42
-0.93,0.02,-0.42
-0.93,0.01,-0.42
-0.93,0.01,-0.43
-0.92,0.01,-0.43
-0.92,0.02,-0.44
-0.92,0.03,-0.44
-0.92,0.03,-0.44
-0.92,0.03,-0.44
-0.93,0.02,-0.43
-0.93,0.01,-0.42
-0.93,0.00,-0.41
-0.93,-0.01,-0.41
-0.93,-0.01,-0.41
-0.93,-0.00,-0.41
-0.93,0.00,-0.41
-0.92,0.01,-0.42
-0.92,0.01,-0.43
-0.92,0.01,-0.44
-0.92,0.02,-0.44
-0.92,0.02,-0.44
-0.92,0.02,-0.44
-0.93,0.02,-0.43
-0.93,0.01,-0.42
-0.93,0.01,-0.42
-0.93,0.01,-0.42
-0.93,0.01,-0.42
-0.92,0.01,-0.42
-0.92,0.01,-0.43
-0.92,0.01,-0.43
-0.93,0.02,-0.43
-0.92,0.02,-0.43
-0.92,0.01,-0.42
-0.93,0.01,-0.43
-0.93,0.01,-0.43
-0.93,0.02,-0.42
-0.92,0.02,-0.43
-0.92,0.02,-0.43
-0.93,0.02,-0.43
-0.92,0.03,-0.43
-0.92,0.03,-0.43
-0.92,0.03,-0.43
-0.92,0.02,-0.43
-0.92,0.03,-0.43
-0.92,0.02,-0.43
-0.93,0.02,-0.43
-0.93,0.02,-0.43
-0.92,0.03,-0.42
-0.93,0.03,-0.43
-0.93,0.03,-0.43
-0.93,0.03,-0.42
-0.92,0.02,-0.42
-0.92,0.02,-0.43
-0.92,0.02,-0.43
-0.92,0.02,-0.43
-0.92,0.02,-0.43
-0.92,0.03,-0.43
-0.92,0.02,-0.44
-0.93,0.03,-0.43
-0.93,0.03,-0.42
-0.92,0.03,-0.42
-0.93,0.02,-0.42
-0.93,0.02,-0.42
-0.93,0.02,-0.42
-0.92,0.02,-0.43
-0.93,0.03,-0.43
-0.93,0.03,-0.43
-0.93,0.03,-0.43
-0.92,0.02,-0.42
-0.93,0.02,-0.42
-0.93,0.02,-0.42
-0.92,0.02,-0.43
-0.93,0.02,-0.42
-0.93,0.02,-0.43
-0.93,0.03,-0.43
-0.93,0.03,-0.43
-0.92,0.03,-0.43
-0.92,0.03,-0.43
-0.93,0.03,-0.43
-0.93,0.03,-0.43
-0.92,0.03,-0.43
-0.92,0.03,-0.43
-0.92,0.03,-0.43
-0.93,0.03,-0.43
-0.93,0.03,-0.42
-0.92,0.03,-0.42
-0.93,0.02,-0.42
-0.93,0.02,-0.42
-0.93,0.02,-0.43
-0.93,0.02,-0.42
-0.93,0.02,-0.43
-0.92,0.02,-0.43
-0.93,0.02,-0.42
-0.93,0.02,-0.43
-0.93,0.02,-0.42
-0.93,0.02,-0.42
-0.93,0.02,-0.42
-0.93,0.02,-0.42
-0.92,0.02,-0.43
-0.92,0.03,-0.43
-0.92,0.03,-0.43
-0.92,0.03,-0.43
-0.92,0.03,-0.42
-0.93,0.02,-0.42
-0.92,0.01,-0.42
-0.93,0.01,-0.43
-0.93,0.02,-0.43
-0.92,0.03,-0.43
-0.92,0.03,-0.44
-0.92,0.02,-0.44
-0.93,0.02,-0.43
-0.93,0.02,-0.43
-0.93,0.01,-0.43
-0.93,0.01,-0.43
-0.93,0.01,-0.43
-0.93,0.02,-0.43
-0.93,0.02,-0.43
-0.92,0.02,-0.43
-0.92,0.02,-0.44
-0.92,0.03,-0.44
-0.92,0.03,-0.43
-0.92,0.03,-0.43
-0.92,0.02,-0.43
-0.92,0.01,-0.43
-0.93,0.01,-0.43
-0.92,0.01,-0.44
-0.93,0.02,-0.44
-0.92,0.02,-0.43
-0.92,0.02,-0.43
-0.92,0.01,-0.43
-0.92,0.00,-0.43
-0.93,0.01,-0.43
-0.93,0.01,-0.43
-0.92,0.01,-0.43
-0.93,0.01,-0.43
-0.93,0.01,-0.42
-0.93,0.01,-0.42
-0.92,0.01,-0.42
-0.92,0.01,-0.43
-0.92,0.01,-0.43
-0.92,0.01,-0.43
-0.92,0.01,-0.44
-0.92,0.02,-0.44
-0.92,0.02,-0.44
-0.92,0.01,-0.43
-0.92,0.01,-0.43
-0.92,0.01,-0.43
-0.92,0.01,-0.43
-0.93,0.01,-0.43
-0.92,0.01,-0.43
-0.92,0.01,-0.43
-0.92,0.01,-0.43
-0.92,0.01,-0.43
-0.92,0.01,-0.43
-0.92,0.01,-0.44
-0.92,0.01,-0.44
-0.92,0.00,-0.44
-0.92,0.01,-0.44
-0.92,0.01,-0.44
-0.92,0.01,-0.44
-0.92,0.01,-0.44
-0.92,0.01,-0.44
-0.92,0.01,-0.44
-0.92,0.01,-0.44
-0.92,0.01,-0.44
-0.92,0.01,-0.43
-0.92,0.01,-0.43
-0.92,0.01,-0.44
-0.93,0.01,-0.43
-0.93,0.02,-0.43
-0.92,0.02,-0.43
-0.92,0.02,-0.43
-0.92,0.01,-0.43
-0.92,0.01,-0.43
-0.92,0.02,-0.43
-0.92,0.02,-0.43
-0.92,0.02,-0.44
-0.92,0.02,-0.44
-0.92,0.02,-0.44
-0.92,0.01,-0.44
-0.92,0.01,-0.43
-0.92,0.01,-0.43
-0.92,0.01,-0.43
-0.92,0.01,-0.43
-0.92,0.01,-0.43
-0.92,0.01,-0.43
-0.92,0.02,-0.43
-0.92,0.02,-0.43
-0.92,0.02,-0.43
-0.92,0.02,-0.43
-0.92,0.01,-0.43
-0.92,0.01,-0.43
-0.93,0.01,-0.44
-0.93,0.01,-0.44
-0.93,0.01,-0.44
-0.92,0.01,-0.43
-0.92,0.01,-0.43
-0.92,0.00,-0.43
-0.93,0.01,-0.43
-0.93,0.01,-0.43
-0.92,0.01,-0.43
-0.92,0.01,-0.43
-0.92,0.01,-0.43
-0.92,0.01,-0.43
-0.93,0.02,-0.43
-0.92,0.02,-0.43
-0.92,0.02,-0.43
-0.92,0.02,-0.43
-0.92,0.02,-0.43
-0.92,0.02,-0.43
-0.92,0.02,-0.43
-0.92,0.02,-0.43
-0.92,0.02,-0.43
-0.92,0.02,-0.43
-0.93,0.02,-0.42
-0.93,0.01,-0.43
-0.93,0.01,-0.43
-0.93,0.02,-0.43
-0.93,0.01,-0.43
-0.93,0.02,-0.42
-0.93,0.02,-0.42
-0.93,0.01,-0.42
-0.92,0.01,-0.43
-0.93,0.01,-0.43
-0.93,0.01,-0.42
-0.93,0.01,-0.42
-0.93,0.01,-0.42
-0.93,0.01,-0.42
-0.93,0.01,-0.43
-0.93,0.02,-0.42
-0.93,0.02,-0.42
-0.93,0.02,-0.42
-0.93,0.02,-0.42
-0.93,0.01,-0.42
-0.93,0.01,-0.42
-0.93,0.01,-0.42
-0.93,0.01,-0.42
-0.93,0.02,-0.42
-0.93,0.01,-0.42
-0.93,0.01,-0.42
-0.93,0.01,-0.42
-0.93,0.01,-0.43
-0.93,0.01,-0.43
-0.93,0.01,-0.42
-0.93,0.01,-0.43
-0.93,0.01,-0.42
-0.93,0.01,-0.42
-0.93,0.01,-0.42
-0.93,0.01,-0.41
-0.93,0.01,-0.41
-0.93,0.01,-0.42
-0.93,0.02,-0.42
-0.92,0.03,-0.43
-0.92,0.04,-0.43
-0.92,0.04,-0.43
-0.92,0.03,-0.43
-0.93,0.03,-0.43
-0.93,0.02,-0.42
-0.93,0.02,-0.42
-0.93,0.02,-0.41
-0.93,0.02,-0.41
-0.93,0.01,-0.41
-0.93,0.01,-0.41
-0.93,0.01,-0.42
-0.93,0.02,-0.42
-0.92,0.02,-0.42
-0.92,0.02,-0.43
-0.93,0.02,-0.42
-0.93,0.02,-0.42
-0.93,0.01,-0.42
-0.93,0.00,-0.41
-0.93,0.00,-0.41
-0.93,0.01,-0.41
-0.93,0.01,-0.41
-0.93,0.01,-0.41
-0.93,0.01,-0.42
-0.93,0.01,-0.42
-0.93,0.01,-0.42
-0.93,0.01,-0.42
-0.93,0.01,-0.42
-0.93,0.01,-0.41
-0.93,0.01,-0.42
-0.93,0.01,-0.42
-0.93,0.01,-0.41
-0.93,0.01,-0.41
-0.93,0.01,-0.41
-0.93,0.01,-0.41
-0.93,0.01,-0.41
-0.93,0.01,-0.42
-0.93,0.01,-0.42
-0.93,0.01,-0.42
-0.93,0.01,-0.41
-0.93,0.01,-0.41
-0.93,0.01,-0.41
-0.93,0.01,-0.41
-0.93,0.01,-0.41
-0.93,0.01,-0.41
-0.93,0.01,-0.41
-0.93,0.01,-0.41
-0.93,0.01,-0.41
-0.93,0.01,-0.41
-0.93,0.01,-0.41
-0.93,0.01,-0.41
-0.93,0.01,-0.41
-0.93,0.01,-0.41
-0.93,0.01,-0.41
-0.93,0.01,-0.41
-0.93,0.01,-0.42
-0.93,0.01,-0.42
-0.93,0.01,-0.42
-0.93,0.01,-0.42
-0.93,0.01,-0.42
-0.93,0.01,-0.42
-0.93,0.01,-0.42
-0.93,0.01,-0.41
-0.94