-0.92,0.01,-0.44
-0.92,0.02,-0.44
-0.92,0.02,-0.45
-0.92,0.02,-0.44
-0.92,0.02,-0.44
-0.92,0.02,-0.44
-0.92,0.02,-0.43
-0.92,0.01,-0.43
-0.92,0.01,-0.43
-0.92,0.01,-0.43
-0.92,0.02,-0.43
-0.92,0.02,-0.44
-0.92,0.02,-0.44
-0.92,0.02,-0.44
-0.92,0.02,-0.44
-0.92,0.02,-0.43
-0.92,0.02,-0.43
-0.92,0.01,-0.43
-0.92,0.01,-0.43
-0.92,0.01,-0.43
-0.92,0.01,-0.43
-0.92,0.02,-0.44
-0.92,0.02,-0.44
-0.92,0.02,-0.44
-0.92,0.02,-0.44
-0.92,0.02,-0.44
-0.92,0.02,-0.44
-0.92,0.02,-0.43
-0.92,0.02,-0.43
-0.92,0.01,-0.43
-0.92,0.01,-0.43
-0.92,0.01,-0.43
-0.92,0.01,-0.43
-0.92,0.01,-0.43
-0.92,0.01,-0.44
-0.92,0.01,-0.44
-0.92,0.02,-0.44
-0.92,0.02,-0.44
-0.92,0.01,-0.44
-0.92,0.01,-0.44
-0.92,0.01,-0.43
-0.92,0.01,-0.43
-0.92,0.01,-0.44
-0.92,0.01,-0.44
-0.92,0.01,-0.44
-0.92,0.01,-0.44
-0.92,0.01,-0.43
-0.92,0.01,-0.44
-0.92,0.01,-0.44
-0.92,0.01,-0.44
-0.92,0.01,-0.44
-0.92,0.00,-0.44
-0.92,0.00,-0.44
-0.92,0.01,-0.44
-0.92,0.01,-0.44
-0.92,0.01,-0.44
-0.92,0.01,-0.44
-0.92,0.01,-0.44
-0.92,0.02,-0.44
-0.92,0.01,-0.43
-0.92,0.01,-0.43
-0.92,0.01,-0.43
-0.92,0.01,-0.44
-0.92,0.01,-0.44
-0.92,0.02,-0.44
-0.92,0.02,-0.44
-0.92,0.02,-0.44
-0.91,0.02,-0.44
-0.92,0.02,-0.44
-0.92,0.02,-0.44
-0.92,0.02,-0.44
-0.92,0.01,-0.44
-0.92,0.01,-0.44
-0.92,0.01,-0.43
-0.92,0.01,-0.43
-0.92,0.02,-0.44
-0.92,0.02,-0.44
-0.92,0.02,-0.44
-0.92,0.01,-0.44
-0.92,0.01,-0.44
-0.92,0.01,-0.44
-0.92,0.01,-0.44
-0.92,0.01,-0.44
-0.92,0.01,-0.44
-0.92,0.01,-0.44
-0.92,0.01,-0.44
-0.92,0.01,-0.44
-0.92,0.01,-0.44
-0.92,0.02,-0.44
-0.92,0.02,-0.44
-0.92,0.02,-0.44
-0.92,0.02,-0.44
-0.92,0.01,-0.44
-0.92,0.01,-0.44
-0.92,0.01,-0.44
-0.92,0.01,-0.43
-0.92,0.01,-0.43
-0.92,0.01,-0.44
-0.92,0.01,-0.44
-0.92,0.01,-0.44
-0.92,0.01,-0.44
-0.92,0.02,-0.45
-0.92,0.02,-0.44
-0.92,0.02,-0.44
-0.92,0.02,-0.44
-0.92,0.02,-0.44
-0.92,0.01,-0.44
-0.92,0.02,-0.44
-0.92,0.02,-0.44
-0.92,0.01,-0.44
-0.92,0.01,-0.43
-0.92,0.01,-0.43
-0.92,0.01,-0.44
-0.92,0.01,-0.44
-0.92,0.02,-0.44
-0.92,0.02,-0.45
-0.92,0.02,-0.45
-0.92,0.02,-0.45
-0.92,0.01,-0.44
-0.92,0.01,-0.44
-0.92,0.01,-0.44
-0.92,0.01,-0.44
-0.92,0.01,-0.44
-0.92,0.02,-0.44
-0.92,0.02,-0.44
-0.92,0.02,-0.44
-0.92,0.02,-0.44
-0.92,0.02,-0.44
-0.92,0.02,-0.44
-0.92,0.03,-0.44
-0.92,0.03,-0.44
-0.92,0.02,-0.43
-0.92,0.02,-0.43
-0.92,0.02,-0.43
-0.92,0.02,-0.43
-0.92,0.02,-0.44
-0.92,0.03,-0.44
-0.92,0.03,-0.44
-0.92,0.02,-0.44
-0.92,0.02,-0.43
-0.92,0.02,-0.43
-0.93,0.02,-0.43
-0.92,0.02,-0.43
-0.92,0.02,-0.43
-0.92,0.03,-0.43
-0.92,0.03,-0.43
-0.92,0.03,-0.43
-0.92,0.03,-0.44
-0.92,0.02,-0.43
-0.92,0.02,-0.43
-0.92,0.02,-0.43
-0.93,0.02,-0.43
-0.92,0.02,-0.43
-0.92,0.02,-0.43
-0.92,0.02,-0.43
-0.92,0.02,-0.43
-0.92,0.02,-0.43
-0.92,0.02,-0.43
-0.93,0.02,-0.43
-0.92,0.02,-0.43
-0.92,0.02,-0.43
-0.92,0.01,-0.42
-0.93,0.02,-0.43
-0.92,0.02,-0.43
-0.92,0.02,-0.43
-0.92,0.02,-0.43
-0.92,0.02,-0.43
-0.92,0.02,-0.43
-0.92,0.02,-0.44
-0.92,0.02,-0.44
-0.92,0.02,-0.44
-0.92,0.02,-0.44
-0.92,0.02,-0.44
-0.92,0.02,-0.43
-0.92,0.02,-0.43
-0.92,0.01,-0.43
-0.92,0.02,-0.43
-0.93,0.01,-0.43
-0.92,0.01,-0.43
-0.92,-0.00,-0.44
-0.92,-0.00,-0.43
-0.92,-0.00,-0.43
-0.92,-0.00,-0.44
-0.92,-0.00,-0.44
-0.92,-0.00,-0.44
-0.92,-0.00,-0.43
-0.92,-0.00,-0.43
-0.92,0.00,-0.43
-0.92,0.01,-0.43
-0.92,0.01,-0.43
-0.92,0.02,-0.44
-0.92,0.02,-0.44
-0.92,0.03,-0.44
-0.92,0.03,-0.44
-0.92,0.03,-0.44
-0.92,0.03,-0.44
-0.93,0.03,-0.44
-0.92,0.03,-0.45
-0.92,0.02,-0.45
-0.92,0.02,-0.44
-0.92,0.02,-0.45
-0.92,0.02,-0.45
-0.92,0.02,-0.45
-0.92,0.02,-0.45
-0.92,0.01,-0.45
-0.92,0.01,-0.45
-0.92,0.01,-0.45
-0.92,-0.00,-0.45
-0.92,-0.01,-0.44
-0.92,-0.02,-0.44
-0.92,-0.03,-0.43
-0.92,-0.03,-0.43
-0.92,-0.03,-0.43
-0.92,-0.03,-0.43
-0.92,-0.03,-0.44
-0.92,-0.03,-0.44
-0.92,-0.02,-0.44
-0.92,-0.02,-0.44
-0.92,-0.02,-0.44
-0.92,-0.02,-0.44
-0.92,-0.01,-0.44
-0.92,-0.00,-0.44
-0.92,-0.00,-0.44
-0.92,-0.00,-0.44
-0.92,0.00,-0.44
-0.92,-0.00,-0.44
-0.92,-0.00,-0.44
-0.92,-0.00,-0.44
-0.92,-0.00,-0.44
-0.92,-0.00,-0.44
-0.92,-0.00,-0.44
-0.92,-0.00,-0.44
-0.92,